Population: 500
Generations: 150
Steps: 200
Sessions: 100
Elitism: 0.1
Crossover: 1
0 -451.50738 -44.57 200420410200566644265140350056443404624561060144413603501113406263411342260466600404422236263325503015664641520266661252033220532343444664564550104541330214563304011462425161633413451342165016333143011246256560124454220122445546064213451502653
10 -41.155919999999995 2.8 611301414060632056054035104350545400510442661333520504010166242551120330340634132440046402423503620343221223543036101513332402313445166116516126260003116544264341611435144152326453435446600442524450416251144331002306065466616141035610202166441
20 1.4613 6.2 352242452064254053234302101051301002266542453425531063204116145511612435042551366340120643252644163340331421203121200111152040654620415211010340514360163241260064336413441160611455233065055444514152646461155464533435360136542151236603141244352
